imax = 100;
jmax = 100;

